4096
127
1
1
1
1
2
1
1
1
0
0
1
2
0
0
0
1
1
0
2
0
0
1
0
0
0
0
0
1
0
0
0
0
0
0
0
0
1
0
0
0
0
1
0
0
0
0
0
0
2
0
3
0
1
2
0
0
2
1
1
0
1
1
1
1
2
1
1
1
0
0
1
2
2
2
2
0
3
0
2
0
0
1
0
2
1
0
0
0
2
1
1
1
0
0
1
2
4
2
2
0
1
1
0
1
0
0
1
2
0
0
1
1
0
1
0
0
1
2
0
0
3
2
2
1
2
2
1
0
1
1
3
0
1
1
1
1
1
0
0
0
0
1
4
1
2
1
3
0
1
0
1
1
2
3
1
2
2
0
2
1
0
1
1
3
2
3
2
1
1
1
2
1
1
2
0
1
0
0
2
2
2
0
2
2
1
1
2
3
1
1
0
1
2
1
4
2
4
1
1
1
2
3
0
1
0
1
1
0
2
2
0
1
1
3
1
3
1
2
1
2
1
0
3
5
3
2
1
3
3
1
4
1
2
1
0
2
2
2
4
2
4
1
1
2
1
3
1
0
1
2
2
3
1
2
1
1
3
2
0
3
1
2
2
3
1
2
3
1
3
2
2
3
3
2
1
2
1
2
3
0
3
3
4
2
3
1
2
1
0
2
2
0
2
2
2
4
2
5
0
4
5
2
6
4
2
3
3
5
3
0
2
4
3
4
0
3
2
4
1
2
2
3
1
4
2
2
2
3
3
5
3
3
2
1
4
0
1
3
3
1
3
2
4
4
4
6
4
1
3
1
2
1
1
4
1
0
2
2
3
2
5
4
2
3
5
1
2
2
4
6
5
2
4
5
3
0
6
2
4
1
0
2
0
1
0
4
4
3
4
3
2
2
3
4
5
4
3
4
4
2
3
1
4
6
3
1
4
4
1
4
4
7
2
5
6
5
2
3
5
6
2
5
5
3
1
0
0
5
5
7
2
3
2
6
2
5
2
6
5
4
3
1
0
3
5
3
5
3
3
2
3
1
4
4
8
2
6
2
5
4
4
3
5
3
2
5
1
4
2
4
2
2
5
3
4
10
5
4
7
3
4
1
4
5
8
10
3
3
4
3
2
2
7
4
6
3
6
1
5
5
3
4
4
7
6
6
4
2
5
5
5
2
4
6
7
5
7
5
5
3
1
11
3
5
4
2
2
4
2
4
4
8
4
5
3
3
9
3
5
5
2
3
4
7
6
6
2
4
7
3
6
6
6
5
8
7
7
6
4
5
5
9
5
5
4
6
4
3
5
7
3
3
6
5
5
6
4
3
9
4
6
6
7
7
4
7
3
5
3
7
6
4
2
4
13
5
6
5
8
6
4
4
7
3
4
6
7
8
3
15
8
10
10
7
2
4
5
8
6
8
4
10
9
4
10
5
5
6
7
16
8
5
9
11
5
3
4
5
9
8
5
8
10
7
6
6
9
11
5
5
8
5
9
6
14
8
10
15
3
3
5
9
9
7
9
15
9
8
9
8
7
11
8
10
8
7
5
10
11
5
5
8
10
11
5
12
13
11
8
10
10
13
5
12
10
10
7
15
10
12
9
7
8
6
10
8
8
11
6
7
9
14
10
16
6
8
5
11
9
10
17
5
9
3
10
15
6
7
13
11
7
9
13
15
12
10
10
8
10
8
9
13
8
15
8
10
3
14
10
6
13
9
16
4
13
14
9
14
10
11
13
15
10
11
9
20
14
8
14
11
4
7
12
11
11
13
10
12
11
12
10
17
8
10
12
13
15
6
11
17
6
12
17
8
11
12
5
11
11
8
12
6
12
11
13
13
14
6
12
15
12
12
18
10
10
16
10
13
9
17
16
15
12
11
9
7
16
17
8
9
13
16
13
9
11
10
16
10
10
11
9
20
19
11
14
14
10
16
9
20
10
15
14
12
21
14
8
19
9
19
14
7
12
15
10
10
23
15
11
13
15
13
13
12
14
13
18
9
16
13
19
13
14
14
9
9
15
16
14
12
11
16
13
12
18
18
10
17
11
18
11
13
14
22
13
10
14
11
17
11
7
13
19
13
12
9
17
13
18
13
11
13
12
8
12
17
19
21
12
15
14
19
12
16
19
18
15
17
14
22
20
12
16
12
12
13
12
16
18
12
19
12
15
14
17
8
14
23
13
21
8
11
15
17
14
22
12
14
23
14
20
18
14
21
12
17
17
18
16
30
15
23
16
32
19
12
16
15
20
20
14
24
22
18
17
26
15
20
13
20
20
17
28
17
16
21
14
21
16
22
20
22
12
12
20
20
13
18
13
13
19
16
14
14
22
17
19
18
27
18
26
16
22
15
16
12
16
14
20
22
18
22
25
23
12
19
28
21
20
15
18
17
27
17
20
27
17
12
26
24
16
17
28
21
28
24
27
15
16
14
22
17
21
12
31
21
25
25
21
21
23
17
23
14
26
23
21
19
20
22
16
21
33
22
22
20
23
24
22
23
21
25
29
32
25
23
30
23
17
25
25
19
12
25
20
23
22
18
20
24
20
34
17
30
25
20
22
28
22
24
31
24
26
35
21
27
24
31
32
25
20
21
34
23
24
31
16
18
20
28
31
32
30
24
24
33
30
15
28
33
26
20
27
30
21
35
22
27
23
36
31
29
19
32
33
28
18
25
31
21
29
32
27
29
30
19
16
30
28
16
24
31
28
21
23
30
28
30
23
22
35
18
24
33
28
24
30
35
25
34
29
27
21
27
31
31
34
26
36
36
38
31
28
28
20
15
22
31
39
34
19
28
31
38
36
36
25
25
26
28
33
22
30
42
26
16
43
26
30
23
34
26
35
28
32
38
37
32
29
34
26
36
30
36
30
40
36
30
27
30
31
25
27
37
27
36
29
38
29
40
35
28
35
45
28
42
24
34
32
26
36
31
28
25
41
28
25
31
34
40
47
35
37
26
35
35
25
26
39
40
42
33
36
39
29
30
30
27
31
43
35
31
35
25
32
35
39
32
41
42
43
41
36
33
27
31
30
41
36
37
42
32
30
35
23
43
37
32
37
36
37
48
42
25
36
41
29
38
26
38
33
36
35
35
46
40
37
37
31
40
38
43
48
38
38
37
44
40
28
33
39
31
40
29
46
41
46
54
40
37
32
51
37
35
49
38
47
33
33
37
38
36
41
37
40
28
32
43
40
40
31
26
37
44
26
42
37
41
43
50
34
49
37
34
46
37
42
41
42
29
35
39
31
55
51
32
43
38
39
43
49
43
48
30
45
39
40
39
53
43
49
38
41
41
55
37
46
50
43
42
47
39
29
51
47
34
43
43
47
57
30
38
35
42
42
48
46
48
36
37
36
42
53
52
38
37
39
40
46
40
33
43
43
43
39
36
38
42
58
44
48
47
56
41
51
55
48
46
43
34
32
43
42
45
45
37
46
47
34
41
40
47
39
51
39
38
50
49
54
52
42
41
33
47
43
39
41
55
43
52
51
39
39
48
38
44
52
36
50
44
42
35
52
53
50
59
47
47
34
66
35
52
50
39
44
42
60
42
51
48
45
40
39
45
39
45
42
48
45
46
54
43
48
43
44
45
44
46
44
49
45
49
47
39
44
47
56
54
50
52
53
45
43
51
44
43
44
67
50
44
58
44
48
49
47
54
48
44
53
51
51
46
54
43
49
52
53
57
46
35
47
61
57
54
46
47
45
39
47
45
36
59
45
52
47
57
51
56
42
49
51
46
42
45
48
48
32
56
53
55
57
69
43
53
53
44
71
44
49
50
55
47
59
50
55
45
61
58
59
56
54
48
46
49
56
44
48
68
58
59
58
51
51
49
43
39
59
57
49
53
55
51
52
63
52
54
58
55
50
65
47
46
55
64
59
73
42
52
45
58
44
58
48
59
50
50
52
50
40
51
60
57
55
47
59
46
66
59
44
43
62
53
53
56
64
61
54
50
56
75
65
36
51
65
59
62
56
47
58
66
54
60
50
62
51
57
46
57
62
54
39
55
52
65
55
58
56
54
62
48
48
55
72
64
56
58
61
57
56
59
44
45
60
58
61
49
51
57
52
48
55
56
59
64
61
54
60
60
57
55
66
68
60
61
54
58
51
56
53
56
57
56
66
58
54
53
54
56
47
52
50
72
47
60
58
80
59
59
60
52
52
56
51
53
52
60
68
67
57
57
58
51
58
62
59
55
51
56
59
54
60
49
53
49
52
60
42
56
64
58
66
68
68
44
65
44
62
50
50
57
61
54
67
50
47
56
61
59
69
52
72
56
57
42
55
66
63
69
61
65
55
51
59
54
69
46
63
56
51
67
53
64
64
57
53
51
63
47
67
48
70
75
62
56
48
77
55
62
72
56
65
61
72
58
48
60
69
63
58
66
54
57
52
71
60
52
57
61
59
45
67
64
60
49
60
58
61
64
53
58
51
55
65
63
58
70
52
64
55
61
56
66
70
55
48
66
68
57
54
71
56
57
55
49
69
55
64
55
65
65
71
60
61
56
64
60
67
67
54
65
54
58
42
68
54
59
60
73
61
56
61
60
48
53
74
56
44
62
64
50
57
69
52
58
65
53
66
67
60
51
65
67
62
70
75
58
56
64
64
67
57
63
42
62
56
53
76
71
63
57
56
68
60
64
62
62
70
62
60
47
59
55
61
53
56
61
73
59
62
75
60
59
36
64
47
68
54
53
72
67
55
50
58
49
74
60
67
55
65
57
55
59
47
63
67
51
68
53
64
60
66
69
62
45
62
50
69
48
66
61
54
57
63
60
60
54
66
67
41
60
57
56
50
63
53
64
60
54
51
61
54
67
67
56
58
64
74
56
77
62
57
60
54
63
47
57
63
59
50
59
56
52
50
50
63
77
60
68
72
61
69
69
64
64
52
48
68
69
68
53
48
48
72
69
60
45
62
49
62
52
62
51
68
58
56
55
56
58
76
60
61
64
58
59
53
55
64
53
55
47
55
63
56
70
54
71
65
64
58
56
61
59
45
52
61
57
46
55
54
60
66
59
57
64
58
49
54
70
65
55
56
52
57
68
42
53
50
52
68
58
58
56
58
63
55
60
63
63
54
50
57
60
56
43
69
70
67
70
52
61
53
56
63
48
45
51
44
45
44
63
62
50
73
50
48
56
56
55
54
58
64
59
43
47
51
57
49
53
68
63
58
48
47
52
48
53
40
53
57
56
42
49
58
46
40
59
43
65
64
54
57
57
43
46
63
45
50
66
63
62
56
63
48
55
56
60
54
56
51
45
57
44
66
56
48
56
55
68
58
66
48
46
60
62
57
71
56
71
53
63
49
50
58
56
48
54
51
58
58
54
45
71
45
47
49
49
54
57
55
44
68
64
58
51
45
61
46
41
62
49
53
49
47
53
59
48
45
48
44
49
49
61
50
40
52
56
49
65
40
47
59
46
50
53
59
51
56
49
43
45
51
64
42
45
48
44
46
56
51
53
45
55
63
48
66
53
51
47
64
70
56
53
40
53
51
49
47
51
42
54
41
55
68
29
49
52
44
52
44
66
58
53
57
41
55
45
44
44
40
55
41
43
47
49
54
29
45
57
43
43
42
46
50
42
55
40
43
42
52
58
49
52
50
42
49
35
59
44
37
44
56
50
50
64
43
54
43
51
39
51
42
56
46
56
45
48
55
58
47
65
39
51
44
37
45
36
41
58
51
34
51
50
56
55
41
53
46
40
43
38
42
45
41
22
41
54
51
44
50
42
54
55
54
45
46
39
51
45
47
45
44
45
27
49
30
53
36
51
37
49
63
46
28
45
56
38
45
54
45
36
42
53
53
33
46
44
47
29
43
47
53
50
44
50
41
53
48
47
30
31
60
54
28
32
54
42
40
44
40
50
48
46
51
40
39
38
44
41
43
47
33
42
41
46
41
48
51
43
36
48
52
45
45
45
35
58
34
42
39
52
38
40
46
36
50
40
35
50
40
38
44
31
38
45
38
26
46
36
45
38
40
38
40
56
40
45
45
47
45
35
31
36
38
30
32
34
44
30
37
34
38
33
50
35
37
42
47
36
35
46
41
27
44
41
32
37
35
38
49
34
47
43
36
36
44
39
33
56
34
36
23
30
31
37
34
38
27
34
41
33
47
29
22
31
46
46
29
41
43
34
25
33
35
34
41
40
34
30
39
32
41
35
37
32
32
39
36
42
52
31
30
40
33
29
36
33
44
31
42
34
36
35
36
39
21
41
34
32
36
31
24
39
31
39
25
31
30
36
35
33
31
40
38
35
29
34
52
38
34
25
35
30
46
26
30
28
27
34
49
32
28
43
29
26
30
42
31
22
29
35
36
36
38
42
37
32
33
30
38
27
19
30
35
29
28
29
40
32
32
21
31
31
40
37
38
31
33
26
32
37
22
28
30
30
39
37
34
28
39
27
33
34
22
31
34
17
33
29
32
34
35
25
23
31
25
30
26
26
32
39
33
29
32
21
29
21
23
23
24
29
24
24
32
28
22
34
33
25
28
31
35
34
34
20
27
35
25
28
38
19
27
25
29
24
34
35
38
35
20
33
23
35
21
35
34
34
39
21
24
24
25
25
27
17
28
22
28
27
28
28
15
27
27
20
25
25
19
25
31
27
20
21
22
29
32
24
29
20
23
26
23
36
31
25
27
31
27
29
34
21
31
26
33
24
24
27
18
25
21
20
27
14
15
24
27
22
31
18
30
22
12
22
18
17
21
21
31
31
24
23
23
18
25
28
19
30
22
26
19
29
25
20
26
21
29
21
21
20
24
21
17
24
28
10
22
21
19
24
19
32
20
18
23
24
26
25
21
21
22
28
27
22
21
19
18
20
23
21
25
17
25
17
17
24
21
25
19
18
18
21
32
16
25
15
22
21
18
19
20
19
20
23
25
20
25
24
15
26
14
13
15
23
9
21
21
19
18
19
21
24
21
19
20
23
18
25
21
19
16
16
14
16
21
25
13
23
18
20
20
22
14
21
16
18
12
16
10
14
18
13
14
18
28
11
21
22
21
24
26
12
29
14
16
19
16
12
10
11
16
12
22
16
9
15
18
25
16
19
12
14
16
14
21
17
17
13
14
21
17
21
23
17
13
18
10
19
11
23
15
17
22
19
23
8
16
12
21
10
8
18
14
12
9
10
13
18
16
24
20
21
14
17
12
11
15
16
11
17
12
16
15
24
18
21
25
19
17
12
17
12
11
19
12
14
12
16
17
15
14
18
18
14
16
17
15
15
13
22
13
21
7
21
17
12
11
9
16
15
8
9
17
11
8
10
16
12
19
19
22
19
13
16
12
8
16
15
14
14
19
12
7
12
12
8
8
6
15
12
9
18
13
14
22
15
24
14
11
16
10
10
16
15
11
18
10
10
13
9
11
14
14
11
10
14
12
12
20
14
14
11
11
8
15
9
12
19
19
10
6
12
8
8
8
14
9
5
13
11
11
6
10
11
8
12
8
10
10
9
8
14
13
9
17
6
11
13
12
5
8
16
13
14
12
13
11
12
11
8
10
12
14
11
16
6
13
7
16
5
11
9
8
9
10
4
6
8
8
10
8
5
9
11
5
7
16
4
9
7
11
10
11
14
11
9
14
7
10
15
9
7
11
6
11
7
9
10
6
13
13
7
12
12
7
12
11
12
9
5
4
6
6
7
10
12
11
7
5
8
10
8
14
4
14
5
9
9
11
8
12
1
10
14
6
8
7
3
8
9
6
6
6
7
8
7
12
15
12
11
6
8
12
5
9
7
7
13
10
7
10
8
9
10
4
7
4
8
6
9
12
8
5
12
10
11
7
8
6
9
7
6
2
6
5
6
5
4
3
9
5
5
7
2
10
4
5
3
9
8
4
12
6
5
9
6
7
8
5
7
12
10
7
7
2
7
12
9
5
6
6
3
8
9
3
3
6
7
7
4
13
8
8
1
12
4
7
7
4
6
7
5
3
11
11
6
6
7
10
6
4
5
3
6
7
5
5
3
8
5
8
4
10
10
10
2
4
5
4
8
8
9
2
3
3
1
10
3
4
5
5
7
3
8
11
2
4
5
5
5
6
4
6
8
3
3
3
5
7
3
5
4
7
7
5
5
2
7
6
9
5
3
8
5
6
4
6
1
1
3
5
6
6
3
5
4
3
4
4
5
8
4
10
3
4
9
2
5
5
5
4
0
4
6
3
4
3
4
4
2
4
4
3
1
5
5
7
8
5
9
2
5
3
2
4
3
4
3
7
4
4
4
3
4
3
7
2
5
4
4
3
2
6
8
5
4
4
6
2
7
3
4
5
8
6
4
4
5
4
4
3
0
5
2
6
6
1
2
7
6
1
2
7
5
3
5
5
3
4
5
4
2
5
2
6
3
3
5
3
2
4
3
6
5
1
3
4
2
4
1
4
2
1
3
1
4
1
3
2
3
3
4
4
4
3
5
2
2
2
2
1
3
0
2
0
1
1
2
4
2
0
4
2
2
1
3
2
1
3
2
2
2
1
3
4
2
4
1
2
1
4
2
2
5
3
4
3
0
4
2
2
2
1
2
2
1
6
4
1
4
2
1
1
6
3
3
2
3
0
1
3
1
2
6
3
0
2
3
2
0
2
1
3
2
2
1
2
1
0
3
4
2
2
2
3
1
6
4
3
2
2
1
1
0
2
2
1
2
1
2
1
1
1
3
4
2
1
4
2
2
4
0
4
3
2
2
3
2
4
0
0
4
1
3
1
1
3
3
1
1
1
1
2
2
1
1
4
1
1
2
1
2
1
4
2
0
1
0
3
0
2
4
1
1
2
1
3
1
0
0
5
0
1
2
1
5
4
4
0
0
2
0
0
0
1
1
1
1
1
1
1
1
0
0
1
3
2
1
0
1
0
0
2
0
1
1
2
1
1
0
1
0
1
4
1
0
0
2
0
1
2
0
1
1
1
1
2
2
0
3
1
1
1
1
2
0
0
2
1
2
0
0
0
1
0
0
0
1
1
0
1
2
1
1
0
0
3
0
1
1
2
5
0
1
1
2
0
2
4
2
0
3
1
0
0
1
1
1
0
1
1
1
1
0
1
2
1
2
2
1
1
1
0
1
0
2
2
2
0
0
0
0
1
1
0
0
2
1
1
2
2
2
2
2
0
1
0
0
1
2
1
0
0
0
0
1
1
0
0
1
0
1
2
1
0
2
0
0
1
0
2
2
0
1
0
1
1
0
1
0
2
2
0
3
0
1
2
2
1
3
2
0
0
0
1
0
127
