4096
127
10
10
7
8
10
7
6
13
10
8
2
8
8
13
3
8
10
2
7
3
5
9
7
5
5
4
10
7
7
7
7
9
6
3
10
9
9
8
9
9
10
12
6
8
10
5
9
7
8
8
13
10
12
10
6
7
8
8
7
5
5
7
7
14
13
10
10
9
13
9
12
8
7
10
14
9
13
6
10
10
11
6
7
8
14
12
8
3
13
14
13
16
7
11
10
15
19
8
12
9
7
9
2
6
8
9
13
12
9
7
7
15
7
13
12
11
12
17
9
11
8
13
15
14
8
10
11
17
11
10
12
10
10
13
17
16
12
14
7
16
10
14
19
8
16
10
11
16
14
12
9
8
14
14
8
16
12
10
17
14
14
10
13
14
15
17
19
12
11
12
11
19
13
14
7
13
14
11
12
15
17
16
11
20
13
18
17
13
10
16
13
11
9
14
15
13
16
13
16
16
14
15
18
17
13
14
12
15
15
13
13
21
17
18
15
22
24
20
17
18
18
13
16
21
16
16
10
17
18
18
21
21
19
21
17
24
17
17
21
8
23
19
14
16
20
21
13
12
16
20
25
23
20
21
28
15
30
23
25
27
7
19
25
17
14
27
16
21
20
18
12
27
24
18
17
28
21
26
19
25
25
16
21
23
16
17
21
23
14
21
27
19
24
29
18
26
16
29
18
30
33
24
23
28
21
20
27
17
28
16
25
24
17
29
25
28
14
26
19
25
22
23
32
28
23
23
26
17
27
42
20
32
34
16
35
29
23
22
22
19
25
24
26
25
24
31
30
28
26
43
28
25
28
32
25
16
30
28
36
25
24
27
29
34
24
20
28
30
28
24
44
26
40
31
27
26
30
35
28
25
24
32
32
25
29
34
29
42
36
35
33
25
33
33
43
33
34
37
28
40
28
21
36
43
27
35
33
32
30
31
42
27
31
40
36
44
38
37
38
36
42
28
45
38
28
28
23
30
47
42
39
38
36
38
32
26
35
35
32
41
21
32
30
37
31
37
40
42
29
37
29
44
47
46
48
38
28
24
44
25
47
38
46
43
44
37
41
35
35
42
30
33
41
37
53
49
52
38
39
38
43
40
47
59
41
54
37
40
36
33
46
39
40
44
44
43
59
36
52
56
51
45
37
50
40
43
48
63
51
39
43
46
47
55
53
54
53
42
55
52
51
61
40
57
62
61
53
61
48
47
50
43
38
63
53
46
50
39
52
62
47
46
53
63
51
54
40
55
50
55
56
42
44
51
68
59
64
56
75
47
53
64
64
52
68
61
54
64
54
62
49
54
65
63
61
65
41
47
62
62
57
73
66
51
51
57
52
60
59
55
56
65
66
59
74
78
63
74
60
68
60
69
60
60
66
60
59
63
56
84
61
74
58
69
62
63
65
65
64
67
48
75
83
67
69
65
70
67
71
91
83
68
72
77
48
81
67
58
78
78
61
83
72
82
77
76
73
65
75
73
84
60
77
74
75
68
60
84
56
75
71
73
84
76
84
90
74
85
72
76
74
85
71
73
86
64
70
72
86
83
73
83
80
73
96
89
90
106
81
98
87
92
76
100
105
90
80
82
89
107
87
86
98
76
80
87
84
73
84
80
96
90
97
81
82
83
78
95
81
93
99
71
92
71
95
97
80
100
94
100
77
91
84
94
108
98
99
79
116
91
102
90
106
110
87
74
95
90
98
69
94
90
125
95
100
86
115
113
89
86
112
114
127
108
105
123
92
92
113
95
88
104
103
122
93
116
116
103
94
102
103
127
101
120
102
114
109
115
117
118
101
124
127
105
116
114
100
108
121
112
127
119
110
127
113
115
107
115
104
115
127
119
117
118
99
127
101
119
103
123
120
127
118
112
108
113
123
127
107
114
127
127
127
111
107
115
120
120
121
127
109
127
127
127
127
127
127
127
127
126
127
127
127
113
127
127
104
127
109
127
123
127
113
127
127
127
127
125
127
123
127
127
127
127
127
127
127
126
127
122
127
127
127
127
127
127
127
127
127
127
127
127
127
127
127
127
127
127
127
127
127
121
115
127
127
127
127
127
127
127
127
127
127
127
127
127
127
127
127
127
127
127
127
127
127
127
127
127
127
120
127
127
127
127
127
127
127
127
127
127
127
127
127
127
127
127
127
127
127
127
127
127
127
127
127
127
127
127
127
127
127
127
127
127
127
127
127
127
127
127
127
127
127
127
127
127
127
127
127
127
127
127
127
127
127
127
127
127
127
127
127
127
127
127
127
127
127
127
127
127
127
127
127
127
127
127
127
127
127
127
127
127
127
127
127
127
127
127
127
127
127
127
127
127
127
127
127
127
127
127
127
127
127
127
127
127
127
127
127
127
127
127
127
127
127
127
127
127
127
127
127
127
127
127
127
127
127
127
127
127
127
127
127
127
127
127
127
127
127
127
127
127
127
127
127
127
127
127
127
127
127
127
127
127
127
127
127
127
127
127
127
127
127
127
127
127
127
127
127
127
127
127
127
127
127
127
127
127
127
127
127
127
127
127
127
127
127
127
127
127
127
127
127
127
127
127
127
127
127
127
127
127
127
127
127
127
127
127
127
127
127
127
127
127
127
127
127
127
127
127
127
127
127
127
127
127
127
127
127
127
127
127
127
127
127
127
127
127
127
127
127
127
127
127
127
127
127
127
127
127
127
127
127
127
127
127
127
127
127
127
127
127
127
127
127
127
127
127
127
127
127
127
127
127
127
127
127
127
127
127
127
127
127
127
127
127
127
127
127
127
127
127
127
127
127
127
127
127
127
127
127
127
127
127
127
127
127
127
127
127
127
127
127
127
127
127
127
127
127
127
127
127
127
127
127
127
127
127
127
127
127
127
127
127
127
127
127
127
127
127
127
127
127
127
127
127
127
127
127
127
127
127
127
127
127
127
127
127
127
127
127
127
127
127
127
127
127
127
127
127
127
127
127
127
127
127
127
127
127
127
127
127
127
127
127
127
127
127
127
127
127
127
127
127
127
127
127
127
127
127
127
127
127
127
127
127
127
127
127
127
127
127
127
127
127
127
127
127
127
127
127
127
127
127
127
127
127
127
127
127
127
127
127
127
127
127
127
127
127
127
127
127
127
127
127
127
127
127
127
127
127
127
127
127
127
127
127
127
127
127
127
127
127
127
127
127
127
127
127
127
127
127
127
127
127
127
127
127
127
127
127
127
127
127
127
127
127
127
127
127
127
127
127
127
127
127
127
127
127
127
127
127
127
127
127
127
127
127
127
127
127
127
127
127
127
127
127
127
127
127
127
127
127
127
127
127
127
127
127
127
127
127
127
127
127
127
127
127
127
127
127
127
127
127
127
127
127
127
127
127
127
127
127
127
127
127
127
127
127
127
127
127
127
127
127
127
127
127
127
127
127
127
127
127
127
127
127
127
127
127
127
127
127
127
127
127
127
127
127
127
127
127
127
127
127
127
127
127
127
127
127
127
127
127
127
127
127
127
127
127
127
127
127
127
127
127
127
127
127
127
127
127
127
127
127
127
127
127
127
127
127
127
127
127
127
127
127
127
127
127
127
127
127
127
127
127
127
127
127
127
127
127
127
127
127
127
127
127
127
127
127
127
127
127
127
127
127
127
127
127
127
127
127
127
127
127
127
127
127
127
127
127
127
127
127
127
127
127
127
127
127
127
127
127
127
127
127
127
127
127
127
127
127
127
127
127
127
127
127
127
127
127
127
127
127
127
127
127
127
127
127
127
127
127
127
127
127
127
127
127
127
127
127
127
127
127
127
127
127
127
127
127
127
127
127
127
127
127
127
127
127
127
127
127
127
127
127
127
127
127
127
127
127
127
127
127
127
127
127
127
127
127
127
127
127
127
127
127
127
127
127
127
127
127
127
127
127
127
127
127
127
127
127
127
127
127
127
127
127
127
127
127
127
127
127
127
127
127
127
127
127
127
127
127
127
127
127
127
127
127
127
127
127
127
127
127
127
127
127
127
127
127
127
127
127
127
127
127
127
127
127
127
127
127
127
127
127
127
127
127
127
127
127
127
127
127
127
127
127
127
127
127
127
127
127
127
127
127
127
127
127
127
127
127
127
127
127
127
127
127
127
127
127
127
127
127
127
127
127
127
127
127
127
127
127
127
127
127
127
127
127
127
127
127
127
127
127
127
127
127
127
127
127
127
127
127
127
127
127
127
127
127
127
127
127
127
127
127
127
127
127
127
127
127
127
127
127
127
127
127
127
127
127
127
127
127
127
127
127
127
127
127
127
127
127
127
127
127
127
127
127
127
127
127
127
127
127
127
127
127
127
127
127
127
127
127
127
127
127
127
127
127
127
127
127
127
127
127
127
127
127
127
127
127
127
127
127
127
127
127
127
127
127
127
127
127
127
127
127
127
127
127
127
127
127
127
127
127
127
127
127
127
127
127
127
127
127
127
127
127
127
127
127
127
127
127
127
127
127
127
127
127
127
127
127
127
127
127
127
127
127
127
127
127
127
127
127
127
127
127
127
127
127
127
127
127
127
127
127
127
127
127
127
127
127
127
127
127
127
127
127
127
127
127
127
127
127
127
127
127
127
127
127
127
127
127
127
127
127
127
127
127
127
127
127
127
127
127
127
127
127
127
127
127
127
127
127
127
127
127
127
127
127
127
127
127
127
127
127
127
127
127
127
127
127
127
127
127
127
127
127
127
127
127
127
127
127
127
127
127
127
127
127
127
127
127
127
127
127
127
127
127
127
127
127
127
127
127
127
127
127
127
127
127
127
127
127
127
127
127
127
127
127
127
127
127
127
127
127
127
127
127
127
127
127
127
127
127
127
127
127
127
127
127
127
127
127
127
127
127
127
127
127
127
127
127
127
127
127
127
127
127
127
127
127
127
127
127
127
127
127
127
127
127
127
127
127
127
127
127
127
127
127
127
127
127
127
127
127
127
127
127
127
127
127
127
127
127
127
127
127
127
127
127
127
127
127
127
127
127
127
127
127
127
127
127
127
127
127
127
127
127
127
127
127
127
127
127
127
127
127
127
127
127
127
127
127
127
127
127
127
127
127
127
127
127
127
127
127
127
127
127
127
127
127
127
127
127
127
127
127
127
127
127
127
127
127
127
127
127
127
127
127
127
127
127
127
127
127
127
127
127
127
127
127
127
127
127
127
127
127
127
127
127
127
127
127
127
127
127
127
127
127
127
127
127
127
127
127
127
127
127
127
127
127
127
127
127
127
127
127
127
127
127
127
127
127
127
127
127
127
127
127
127
127
127
127
127
127
127
127
127
127
127
127
127
127
127
127
127
127
127
127
127
127
127
127
127
127
127
127
127
127
127
127
127
127
127
127
127
127
127
127
127
127
127
127
127
127
127
127
127
127
127
127
127
127
127
127
127
127
127
127
127
127
127
127
127
127
127
127
127
127
127
127
127
127
127
127
127
127
127
127
127
127
127
127
127
127
127
127
127
127
127
127
127
127
127
127
127
127
127
127
127
127
127
127
127
127
127
127
127
127
127
127
127
127
127
127
127
127
127
127
127
127
127
127
127
127
127
127
127
127
127
127
127
127
127
127
127
127
127
127
127
127
127
127
127
127
127
127
127
127
127
127
127
127
127
127
127
127
127
127
127
127
127
127
127
127
127
127
127
127
127
127
127
127
127
127
127
127
127
127
127
127
127
127
127
127
127
127
127
127
127
127
127
127
127
127
127
127
127
127
127
127
127
127
127
127
127
127
127
127
127
127
127
127
127
127
127
127
127
127
127
127
127
127
127
127
127
127
127
127
127
127
127
127
127
127
127
127
127
127
127
127
127
127
127
127
127
127
127
127
127
127
127
127
127
127
127
127
127
127
127
127
127
127
127
127
127
127
127
127
127
127
127
127
127
127
127
127
127
127
127
127
127
127
127
127
127
127
127
127
127
127
127
127
127
127
127
127
127
127
127
127
127
127
127
127
127
127
127
127
127
127
127
127
127
127
127
127
127
127
127
127
127
127
127
127
127
127
127
127
127
127
127
127
127
127
127
127
127
127
127
127
127
127
127
127
127
127
127
127
127
127
127
127
127
127
127
127
127
127
127
127
127
127
127
127
127
127
127
127
127
127
127
127
127
127
127
127
127
127
127
127
127
127
127
127
127
127
127
127
127
127
127
127
127
127
127
127
127
127
127
127
127
127
127
127
127
127
127
127
127
127
127
127
127
127
127
127
127
127
127
127
127
127
127
127
127
127
127
127
127
127
127
127
127
127
127
127
127
127
127
127
127
127
127
127
127
127
127
127
127
127
127
127
127
127
127
127
127
127
127
127
127
127
127
127
127
127
127
127
127
127
127
127
127
127
127
127
127
127
127
127
127
127
127
127
127
127
127
127
127
127
127
127
127
127
127
127
127
127
127
127
127
127
127
127
127
127
127
127
127
127
127
127
127
127
127
127
127
127
127
127
127
127
127
127
127
127
127
127
127
127
127
127
127
127
127
127
127
127
127
127
127
127
127
127
127
127
127
127
127
127
127
127
127
127
127
127
127
127
127
127
127
127
127
127
127
127
127
127
127
127
127
127
127
127
127
127
127
127
127
127
127
127
127
127
127
127
127
127
127
127
127
127
127
127
127
127
127
127
127
127
127
127
127
127
127
127
127
127
127
127
127
127
127
127
127
127
127
127
127
127
127
127
127
127
127
127
127
127
127
127
127
127
127
127
127
127
127
127
127
127
127
127
127
127
127
127
127
127
127
127
127
127
127
127
127
127
127
127
127
127
127
127
127
127
127
127
127
127
127
127
127
127
127
127
127
127
127
127
127
127
127
127
127
127
127
127
127
127
127
127
127
127
127
127
127
127
127
127
127
127
127
127
127
127
127
127
127
127
127
127
127
127
127
127
127
127
127
127
127
127
127
127
127
127
127
127
127
127
127
127
127
127
127
127
127
127
127
127
127
127
127
127
127
127
127
127
127
127
127
127
127
127
127
127
127
127
127
127
127
127
127
127
127
127
127
127
127
127
127
127
127
127
127
127
127
127
127
127
127
127
127
127
127
127
127
127
127
127
127
127
127
127
127
127
127
127
127
127
127
127
127
127
127
127
127
127
127
127
127
127
127
127
127
127
127
127
127
127
127
127
127
127
127
127
127
127
127
127
127
127
127
127
127
127
127
127
127
127
127
127
127
127
127
127
127
127
127
127
127
127
127
127
127
127
127
127
127
127
127
127
127
127
127
127
127
127
127
127
127
127
127
127
127
127
127
127
127
127
127
127
127
117
127
127
127
127
127
127
127
125
127
127
127
127
127
127
127
124
127
127
127
127
127
127
124
122
105
114
123
126
127
116
122
127
101
127
117
127
126
122
123
122
124
120
127
122
115
127
127
127
121
127
121
110
103
127
109
122
127
102
122
127
127
112
113
119
125
123
109
127
118
126
120
114
111
92
124
115
109
124
127
122
100
108
120
108
105
100
127
111
112
119
125
97
119
127
110
112
107
110
110
121
116
94
113
117
119
108
112
102
98
101
92
101
101
119
114
103
109
106
124
117
101
96
100
114
99
114
94
95
91
119
102
94
93
101
82
95
87
86
102
82
105
80
92
103
102
90
95
103
118
88
105
112
93
91
85
91
91
85
79
82
98
90
101
90
81
98
88
101
100
81
86
100
94
98
83
84
87
103
91
97
85
89
79
76
95
90
79
85
98
80
87
81
74
86
68
86
70
93
82
89
63
85
88
87
101
91
90
82
82
72
100
88
69
79
62
76
71
75
78
83
77
64
80
72
69
85
74
103
78
71
94
82
71
87
65
72
80
74
72
67
77
88
89
63
94
58
73
67
69
70
91
58
76
67
66
66
64
75
75
63
68
72
68
75
52
68
78
78
52
78
71
60
75
58
63
75
72
67
60
54
53
63
65
65
55
62
72
75
67
56
66
64
67
61
54
54
54
61
58
55
64
65
69
57
44
70
58
61
51
56
71
65
58
47
64
58
74
60
56
58
56
52
44
59
54
44
46
56
60
67
60
65
55
65
60
64
58
56
39
48
46
56
53
52
53
42
42
55
57
40
43
44
52
46
65
51
49
48
49
37
53
53
57
38
47
38
47
41
35
50
42
48
44
59
49
59
50
62
59
52
44
39
56
45
47
50
54
43
42
46
50
44
60
45
37
36
40
55
50
45
46
44
51
56
52
39
58
45
33
43
42
43
34
46
39
40
43
40
49
42
37
40
26
32
37
35
52
55
47
40
45
38
36
44
36
44
44
38
35
48
44
23
36
44
38
33
52
40
51
46
30
33
40
36
40
40
45
31
40
42
38
38
37
37
38
35
37
33
42
34
39
33
38
38
34
34
39
33
28
35
39
21
31
45
37
27
39
35
35
33
32
29
33
24
27
33
34
31
33
37
38
34
37
35
29
37
31
28
30
36
38
31
32
27
30
29
27
25
27
27
30
31
31
27
35
29
30
25
25
29
24
24
22
22
27
15
29
29
26
35
24
22
22
30
18
18
23
30
26
25
23
19
33
21
18
27
18
26
22
33
27
21
23
28
37
24
22
26
17
18
26
24
26
32
26
20
18
23
22
18
24
22
20
20
29
25
22
22
17
20
16
27
25
26
30
23
13
19
20
24
20
23
16
26
21
20
17
17
22
19
31
25
29
22
16
21
17
26
17
20
11
17
13
18
20
15
16
15
17
18
13
14
20
22
19
20
19
19
32
7
18
21
24
25
16
28
13
20
16
20
19
13
24
12
19
14
20
21
18
14
25
15
15
20
14
15
21
31
13
18
18
12
18
13
19
16
15
14
17
12
19
15
17
12
22
27
17
13
13
16
12
21
15
22
13
15
17
23
19
8
11
13
18
10
18
10
15
10
11
11
15
13
13
12
11
16
16
10
10
11
16
11
11
15
7
13
11
21
18
16
13
6
9
12
21
13
15
18
15
11
15
10
17
13
13
10
14
15
13
13
12
10
9
11
13
16
19
11
15
12
13
12
9
14
14
9
13
10
10
11
11
7
19
12
12
13
7
16
11
11
9
18
8
9
11
13
9
9
10
11
12
4
10
8
7
13
14
8
12
9
11
12
14
9
10
7
8
12
9
17
16
6
8
8
14
11
11
14
9
6
9
9
7
7
6
8
7
9
8
6
11
8
14
8
9
7
8
7
6
9
12
11
5
3
12
6
10
10
3
7
10
7
8
9
8
5
7
12
7
12
1
14
13
5
14
9
5
12
14
9
8
8
8
6
5
9
5
13
6
3
8
6
6
10
5
7
4
127
